accuracy: 0.9607463048219045
precision: 0.8836363636363637
recall: 0.8321917808219178
