accuracy: 0.9619578386236975
precision: 0.8888888888888888
recall: 0.8356164383561644
